%YAML:1.0
---
calibration_time: "2021年05月24日 星期一 20时52分32秒"
image_width: 640
image_height: 480
board_width: 9
board_height: 6
square_size: 5.
flags: 0
camera_matrix: !!opencv-matrix
   rows: 3
   cols: 3
   dt: d
   data: [ 6.5815654624064030e+02, 0., 2.7189616130786516e+02, 0.,
       6.6365751778693289e+02, 2.4252780479615109e+02, 0., 0., 1. ]
distortion_coefficients: !!opencv-matrix
   rows: 5
   cols: 1
   dt: d
   data: [ 9.2671739016508770e-02, 1.7143918692663709e-01,
       -3.1689789100571724e-04, -9.2215702775848025e-03, 0. ]
avg_reprojection_error: 2.1015657407066746e-01